783927521529
783927521543
783927521567
783927521574
783927540841
783927465885
783927466363
783927466400
783927466387
783927466394
783927539128
783927539166
783927521536
783927521550
783927539074
783927540858
783927540865
783927539081
783927493246
783927493253
783927493260
783927493277
783927493284
783927493307
783927493222
783927493321
783927493345
783927493352
783927493369
783927493376
783927493383
783927493390
783927493314
783927493239
783927539098
783927525640
783927525664
783927525671
783927525688
783927525695
783927525701
783927525718
783927525725
783927525732
783927525619
783927525626
783927525633
783927539067
783927557832
783927571647
783927557825
783927557870
783927557863
783927557818
783927571630
783927557801
783927557856
783927571623
783927557849
783927571654
783927529341
783927529334
783927529327
783927042857
783927220965
783927222570
783927144704
783927140041
783927042819
783927097642
783927105507
783927052238
783927042864
783927069694
783927187763
783927052245
783927042871
783927187794
783927211352
783927187770
783927238823
783927327343
783927449892
783927351317
783927600408
783927600446
783927600415
783927600422
783927600439
783927600453
783927600460
783927600477
783927600484
783927600507
783927600514
783927600521
783927600569
783927600538
783927600545
783927600552
783927600576
783927600590
783927600583
783927600606
783927600613
783927282536
783927282529
783927449427
783927371803
783927432023
783927520638
783927351010
783927350990
783927530972
783927432054
783927432061
783927434232
783927525572
783927525589
783927531009
783927530996
783927449403
783927449410
783927537131
783927537124
783927601092
783927601122
783927601108
783927601115
783927601139
783927601146
783927601153
783927601160
783927601177
783927601184
783927586184
783927155700
783927155717
783927954457
783927954655
783927427470
783927156639
783927156646
783927040617
783927040624
783927156691
783927600743
783927600750
783927600774
783927600767
783927021548
783927155014
783927003742
783927155021
783927155052
783927569231
783927560665
783927520515
783927494397
783927560658
783927230018
783927229999
783927569248
783927559973
783927559980
783927049368
783927077125
783927445139
783927445153
783927075350
783927119313
783927049375
783927211932
783927099882
783927299541
783927026550
783927300537
783927244206
783927048781
783927213196
783927278652
783927391511
783927850063
783927312844
783927027137
783927325400
783927099844
783927298797
783927445313
783927178730
783927300520
783927293518
783927601245
783927026536
783927213189
783927850001
783927278638
783927603935
783927351874
783927391504
783927120623
783927850018
783927048415
783927324496
783927078313
783927278492
783927603256
783927027120
783927435789
783927600958
783927600965
783927600972
783927600989
783927600996
783927601009
783927530989
783927069663
783927123631
783927123785
783927459440
783927459457
783927185943
783927144582
783927144599
783927144612
783927283021
783927544375
783927283458
783927300711
783927309127
783927283601
783927468527
783927468534
783927283465
783927283489
783927283496
783927283502
783927309097
783927401340
783927283793
783927544382
783927309073
783927448635
783927283557
783927350808
783927311489
783927311496
783927299978
783927299374
783927282499
783927282642
783927268769
783927544412
783927268707
783927300674
783927277716
783927523370
783927268721
783927468572
783927282581
783927468589
783927282598
783927268691
783927268684
783927282659
783927308816
783927401388
783927283717
783927544429
783927308793
783927308809
783927448338
783927277747
783927269230
783927544436
783927269179
783927300650
783927277631
783927547420
783927269193
783927468602
783927282710
783927468619
783927282727
783927269162
783927269155
783927282772
783927308762
783927401449
783927283724
783927544443
783927308755
783927308748
783927448321
783927277679
783927269117
783927544450
783927269063
783927300636
783927277563
783927523417
783927269070
783927468633
783927282826
783927468640
783927282833
783927269049
783927269032
783927282888
783927308724
783927401432
783927283731
783927544467
783927308717
783927308700
783927448246
783927277594
783927268998
783927544474
783927268936
783927300612
783927277495
783927523431
783927268950
783927468657
783927282949
783927468664
783927282956
783927268905
783927268912
783927283007
783927308663
783927401425
783927283748
783927544481
783927308656
783927308649
783927448314
783927277525
783927271820
783927544498
783927271769
783927300599
783927277426
783927523455
783927271783
783927468688
783927283069
783927468695
783927283076
783927271752
783927271745
783927283120
783927308618
783927401418
783927283755
783927544504
783927308601
783927308595
783927448666
783927277457
783927271707
783927544511
783927271646
783927300759
783927308588
783927523479
783927271660
783927468718
783927283182
783927469630
783927283199
783927271639
783927271622
783927283243
783927308557
783927401401
783927283762
783927544528
783927308540
783927308533
783927448659
783927277891
783927271585
783927544535
783927271547
783927300735
783927308526
783927547437
783927271486
783927468732
783927283304
783927468749
783927283311
783927271523
783927271516
783927283373
783927308496
783927401395
783927283779
783927544542
783927308489
783927308472
783927448642
783927277822
783927282505
783927283434
783927301220
783927283410
783927371698
783927309059
783927544399
783927282765
783927300773
783927309035
783927282673
783927468541
783927282734
783927468558
783927283960
783927282789
783927283205
783927308977
783927401371
783927283687
783927308960
783927308953
783927448239
783927283380
783927282543
783927560641
783927013680
783927600897
783927600781
783927600880
783927600903
783927600910
783927600927
783927600934
783927600941
783927236126
783927041126
783927281355
783927600736
783927600729
783927600705
783927600712
783927293600
783927545471
783927545495
783927953450
783927953658
783927016537
783927449366
783927470483
783927450973
783927450966
783927450942
783927450935
783927001465
783927001472
783927156011
783927310383
783927407052
783927127929
783927135719
783927238014
783927238045
783927362702
783927498630
783927259224
783927119979
783927314121
783927314138
783927133036
783927301527
783927950541
783927100045
783927950152
783927950657
783927313926
783927314091
783927185875
783927490061
783927313889
783927314077
783927436496
783927001151
783927299985
783927301916
783927600620
783927601016
783927600637
783927601023
783927600644
783927601030
783927600651
783927601047
783927600668
783927601054
783927600675
783927601061
783927600699
783927601085
783927600682
783927601078
783927492324
783927953054
783927019705
783927953030
783927419031
783927419055
783927419321
783927027069
783927097796
783927363204
783927427982
783927357623
783927427999
783927301558
783927300094
783927290036
783927300131
783927301473
783927100212
783927132695
783927324953
783927311502
783927283663
783927544351
783927282383
783927301435
783927282307
783927445368
783927282352
783927468497
783927282376
783927468503
783927282390
783927282413
783927282420
783927282437
783927301947
783927401357
783927283786
783927544368
783927301459
783927301442
783927447690
783927282482
783927521512
783927521505
783927387170
783927436670
783927007122
783927155762
783927155755
783927155779
783927120548
783927440486
783927299909
783927601252
783927015745
783927850025
783927212922
783927576505
783927603928
783927352208
783927119344
783927850032
783927576550
783927099622
783927278607
783927603249
783927435796
783927393768
783927393751
783927120517
783927015738
783927212915
783927099592
783927326414
783927324809
783927213318
783927339735
783927324793
783927400244
783927400312
783927324816
783927339919
783927156561
783927565615
783927156578
783927565714
783927156585
783927156592
783927156493
783927156523
783927603942
783927850070
783927603959
783927560634
783927295345
783927295338
783927335751
783927295321
783927400916
783927452809
783927586689
783927586672
783927431934
783927431927
783927568906
783927141345
783927236133
783927041096
783927559607
783927451178
783927451185
783927526203
783927526197
783927526180
783927542449
783927542432
783927542456
783927543026
783927543019
783927543033
783927442626
783927445337
783927513340
783927442640
783927102643
783927307741
783927102599
783927178341
783927102612
783927262514
783927102605
783927564571
783927466738
783927564564
783927466752
783927538558
783927538589
783927538565
783927538930
783927573047
783927573054
783927573061
783927538916
783927538923
783927538909
783927538893
783927603683
783927542968
783927603133
783927603676
783927603775
783927542944
783927542951
783927603119
783927603126
783927221160
783927558808
783927558839
783927558846
783927558822
783927517560
783927517638
783927517645
783927566162
783927566179
783927566186
783927566193
783927557955
783927517591
783927517607
783927566209
783927566216
783927517577
783927517584
783927558853
783927458795
783927458764
783927458771
783927458788
783927539654
783927539647
783927539630
783927539623
783927574129
783927574112
783927574167
783927574150
783927574143
783927574136
783927440769
783927172752
783927406888
783927172738
783927406901
783927172745
783927406925
783927172677
783927537780
783927537803
783927491167
783927562843
783927491150
783927562041
783927491129
783927491136
783927491143
783927562133
783927562171
783927562447
783927559782
783927559799
783927559805
783927560467
783927560474
783927560450
783927369626
783927369633
783927369527
783927419246
783927369534
783927369541
783927369688
783927419734
783927369695
783927369701
783927369558
783927419253
783927369565
783927369572
783927369718
783927419239
783927369725
783927369732
783927369589
783927419260
783927369596
783927369602
783927366762
783927419178
783927366755
783927366748
783927472043
783927472029
783927472012
783927472036
783927481649
783927481656
783927361835
783927361859
783927561594
783927563208
783927563598
783927361804
783927361828
783927561600
783927562805
783927562768
783927361781
783927361798
783927561617
783927563611
783927563635
783927362016
783927362023
783927562645
783927562737
783927361972
783927361996
783927563826
783927563697
783927361941
783927361965
783927563628
783927563321
783927361897
783927361910
783927561754
783927561761
783927361064
783927361057
783927562942
783927561563
783927361866
783927361880
783927561587
783927563536
783927562461
783927557924
783927513012
783927468350
783927602716
783927557900
783927538435
783927538428
783927602693
783927557917
783927513005
783927466509
783927602709
783927557894
783927538459
783927538442
783927602730
783927557887
783927520430
783927518277
783927602723
783927572514
783927572507
783927572538
783927572521
783927851831
783927851824
783927851817
783927551762
783927541848
783927541831
783927541855
783927538657
783927538640
783927490931
783927482912
783927490948
783927567848
783927479394
783927474245
783927445894
783927445887
783927445856
783927445863
783927445870
783927490955
783927305792
783927305815
783927305808
783927444637
783927444644
783927562744
783927563055
783927444651
783927444668
783927562065
783927563253
783927444675
783927444682
783927564076
783927563451
783927444736
783927562119
783927563604
783927444699
783927444705
783927563475
783927563765
783927444712
783927444729
783927564182
783927564052
783927444590
783927444606
783927562256
783927562348
783927444576
783927444583
783927562126
783927563345
783927444613
783927444620
783927562690
783927562492
783927537834
783927537872
783927537827
783927537865
783927537841
783927537889
783927537858
783927537896
783927551892
783927574594
783927551908
783927551915
783927574600
783927551922
783927551939
783927574617
783927551946
783927469166
783927469074
783927469104
783927469135
783927469890
783927469067
783927574372
783927574341
783927574358
783927574365
783927469906
783927469081
783927469111
783927469142
783927513272
783927600491
783927513289
783927551878
783927574587
783927551885
783927545198
783927519489
783927519472
783927545204
783927531689
783927531658
783927538510
783927538503
783927568654
783927568661
783927568678
783927568685
783927568630
783927568647
783927573290
783927573276
783927573269
783927573283
783927175876
783927175845
783927562553
783927562614
783927313971
783927314022
783927561631
783927562034
783927176989
783927307277
783927175814
783927176996
783927307185
783927177665
783927307260
783927175821
783927177672
783927308397
783927561648
783927561945
783927562416
783927562218
783927561624
783927562485
783927572163
783927572354
783927572187
783927586559
783927572194
783927572361
783927572217
783927572224
783927572231
783927572255
783927572248
783927572262
783927572279
783927572286
783927572293
783927572309
783927572316
783927572323
783927572330
783927572057
783927572064
783927572071
783927572422
783927572088
783927572347
783927572415
783927572101
783927801935
783927586535
783927572118
783927572125
783927572392
783927572149
783927586542
783927572156
783927161046
783927537278
783927612203
783927537261
783927537285
783927519861
783927161077
783927537308
783927612302
783927537292
783927537315
783927519878
783927161114
783927537339
783927612401
783927537322
783927537346
783927526586
783927537247
783927537230
783927537254
783927109369
783927109376
783927109390
783927109383
783927540537
783927540520
783927540506
783927540490
783927540513
783927413923
783927413817
783927540803
783927560443
783927526166
783927560436
783927526159
783927560429
783927526128
783927526135
783927526142
783927560399
783927560405
783927560412
783927491044
783927562058
783927491037
783927491013
783927491020
783927563772
783927562003
783927562812
783927538787
783927513098
783927513074
783927513135
783927602747
783927513081
783927573375
783927573368
783927573382
783927573344
783927573337
783927573351
783927528276
783927543460
783927528290
783927557962
783927539555
783927539562
783927551601
783927471305
783927471299
783927471312
783927471282
783927471268
783927471275
783927471336
783927471329
783927471343
783927348829
783927348850
783927348867
783927348881
783927348874
783927455442
783927436762
783927455435
783927436779
783927455428
783927436786
783927569026
783927569019
783927529280
783927379717
783927529297
783927379724
783927529242
783927379977
783927529235
783927470148
783927529273
783927379700
783927455459
783927529259
783927379687
783927537636
783927537629
783927538053
783927540735
783927540728
783927540674
783927540148
783927540681
783927540766
783927540650
783927539548
783927541183
783927543873
783927543866
783927543859
783927543835
783927543880
783927469661
783927468237
783927469654
783927536936
783927536943
783927536912
783927536929
783927536950
783927536967
783927467025
783927467032
783927440806
783927440813
783927411899
783927411882
783927440783
783927440790
783927411912
783927411905
783927440776
783927440820
783927513296
783927513326
783927513319
783927565967
783927565974
783927466820
783927466837
783927466844
783927466851
783927306478
783927306492
783927470162
783927572453
783927572460
783927572408
783927572439
783927305464
783927307321
783927305488
783927305433
783927305471
783927600217
783927600231
783927600224
783927224659
783927224956
783927224864
783927224857
783927281454
783927281447
783927281461
783927281485
783927281478
783927281492
783927281645
783927300902
783927281669
783927465908
783927281638
783927281683
783927448536
783927448529
783927448512
783927448505
783927448482
783927448499
783927366663
783927305990
783927314732
783927366649
783927521482
783927521475
783927521499
783927543644
783927543651
783927568623
783927540780
783927568616
783927568593
783927568609
783927540438
783927540414
783927540421
783927446785
783927446778
783927446792
783927603447
783927603461
783927603454
783927601481
783927603430
783927603423
783927603539
783927603553
783927603546
783927543637
783927543620
783927573214
783927573191
783927573207
783927573184
783927602655
783927437585
783927602648
783927437578
783927574433
783927574440
783927572729
783927574457
783927574464
783927572736
783927325011
783927453257
783927460415
783927473910
783927473903
783927473934
783927473927
783927347334
783927289771
783927289955
783927356084
783927356053
783927355834
783927286701
783927577052
783927569613
783927569620
783927569552
783927569569
783927577038
783927577045
783927569637
783927569644
783927577014
783927569538
783927569545
783927569583
783927576758
783927576987
783927569491
783927569507
783927569514
783927569521
783927576994
783927577007
783927106337
783927029476
783927029483
783927263290
783927263283
783927206099
783927208093
783927106344
783927029490
783927260510
783927263313
783927726092
783927020992
783927513555
783927520195
783927529167
783927519502
783927529174
783927519519
783927529181
783927513562
783927520201
783927529136
783927529143
783927529150
783927519397
783927519403
783927519410
783927466349
783927586337
783927586320
783927586351
783927586269
783927586344
783927586290
783927586306
783927586368
783927586313
783927586252
783927430654
783927430623
783927318877
783927469715
783927318884
783927010429
783927001205
783927318853
783927469777
783927469760
783927468039
783927318846
783927010443
783927001212
783927318860
783927977753
783927977791
783927559898
783927559904
783927248501
783927225335
783927259392
783927248402
783927223829
783927248532
783927223843
783927248389
783927224512
783927248396
783927223362
783927466424
783927466431
783927466455
783927369930
783927467155
783927558747
783927558754
783927557191
783927558730
783927389518
783927390170
783927397681
783927390163
783927419741
783927397674
783927327404
783927327411
783927390156
783927390149
783927450119
783927419857
783927424929
783927603652
783927542166
783927603669
783927542104
783927603645
783927542159
783927445498
783927452502
783927446006
783927445504
783927555005
783927554305
783927411677
783927497947
783927445290
783927497954
783927411653
783927497961
783927427753
783927497978
783927109130
783927221191
783927221214
783927225137
783927398312
783927225144
783927395984
783927224918
783927395960
783927224901
783927395977
783927225113
783927224925
783927395922
783927395939
783927224932
783927224949
783927396417
783927395953
783927395946
783927396400
783927130868
783927306652
783927306065
783927568401
783927568418
783927568388
783927568395
783927568357
783927531948
783927518932
783927518949
783927568364
783927513951
783927518956
783927518963
783927568371
783927531962
783927518970
783927518987
783927574426
783927531900
783927518369
783927518376
783927574402
783927531917
783927518871
783927518888
783927574419
783927531894
783927518857
783927518864
783927574389
783927540230
783927540223
783927540247
783927574396
783927531924
783927518895
783927518901
783927568340
783927531931
783927518918
783927518925
783927133708
783927131346
783927220958
783927144346
783927430852
783927430869
783927324045
783927324038
783927335263
783927472906
783927472937
783927472913
783927545648
783927551571
783927474467
783927474474
783927603096
783927603102
783927557542
783927557511
783927557535
783927557528
783927540551
783927540544
783927545266
783927540568
783927568043
783927568050
783927568067
783927568074
783927602754
783927447225
783927602761
783927447362
783927572743
783927574686
783927572750
783927574679
783927572767
783927574693
783927537711
783927537728
783927537698
783927537704
783927123129
783927460682
783927460699
783927460750
783927031882
783927150774
783927092425
783927568487
783927568494
783927568500
783927568258
783927568265
783927568272
783927567923
783927567893
783927567909
783927567916
783927567930
783927478373
783927478366
783927517935
783927309363
783927309356
783927309349
783927323550
783927323536
783927113595
783927114028
783927113625
783927114042
783927113618
783927126205
783927113564
783927125284
783927110112
783927110433
783927113571
783927126809
783927126786
783927169288
783927169417
783927169530
783927126335
783927113519
783927110235
783927130172
783927130202
783927161749
783927161190
783927238779
783927011549
783927029582
783927541497
783927477970
783927539470
783927541480
783927477963
783927539463
783927532006
783927532013
783927531986
783927531993
783927531702
783927547291
783927560696
783927541503
783927541510
783927539258
783927518161
783927518154
783927518079
783927111881
783927118248
783927496650
783927496605
783927496667
783927496681
783927496636
783927496698
783927496810
783927496827
783927496834
783927496841
783927496858
783927496865
783927496889
783927496728
783927496735
783927496742
783927497138
783927496766
783927496759
783927496780
783927496797
783927542494
783927542500
783927542517
783927542524
783927123143
783927118576
783927105019
783927186056
783927105897
783927186209
783927574709
783927572897
783927572903
783927194914
783927355469
783927511704
783927562928
783927562683
783927563796
783927194839
783927371902
783927511728
783927562232
783927561952
783927562669
783927194822
783927355452
783927510929
783927562201
783927564380
783927563659
783927194204
783927510943
783927563284
783927564304
783927194877
783927564038
783927194587
783927564373
783927207645
783927562300
783927564007
783927194891
783927511469
783927562379
783927561662
783927314541
783927194907
783927562850
783927195447
783927421058
783927511476
783927562072
783927563963
783927562140
783927194853
783927562393
783927561679
783927491297
783927491273
783927491303
783927491280
783927452472
783927452465
783927603164
783927603171
783927603140
783927603157
783927573559
783927573566
783927603409
783927603393
783927573573
783927603416
783927557610
783927557627
783927557634
783927471800
783927492706
783927492713
783927554343
783927551274
783927551281
783927554367
783927551298
783927602778
783927469821
783927469838
783927603782
783927469784
783927469791
783927458740
783927458757
783927408738
783927428927
783927602631
783927602556
783927417686
783927566001
783927565875
783927417648
783927565950
783927602600
783927602549
783927417693
783927417716
783927417709
783927421782
783927452144
783927417440
783927417471
783927462624
783927394802
783927392105
783927421157
783927378932
783927565943
783927565868
783927421119
783927394819
783927378949
783927417730
783927393812
783927417464
783927417754
783927416467
783927417723
783927418645
783927459020
783927417457
783927566018
783927469005
783927469036
783927469012
783927469029
783927444897
783927444811
783927443630
783927443623
783927444903
783927540346
783927540315
783927540322
783927540339
783927543521
783927397506
783927557214
783927556590
783927557207
783927518031
783927513104
783927560559
783927560542
783927560566
783927537919
783927537926
783927537933
783927195126
783927195140
783927260671
783927132770
783927260756
783927132824
783927434911
783927260664
783927260749
783927195133
783927132800
783927195157
783927132855
783927195164
783927260732
783927132879
783927260725
783927195171
783927132909
783927519441
783927561860
783927519465
783927531665
783927531672
783927561310
783927491112
783927491105
783927491068
783927491082
783927491075
783927491099
783927558723
783927312745
783927307635
783927312752
783927307499
783927311274
783927311250
783927311267
783927312851
783927551557
783927545617
783927545624
783927459280
783927459167
783927459150
783927459181
783927459174
783927014700
783927016728
783927015660
783927472302
783927472326
783927474566
783927472319
783927437592
783927521116
783927511865
783927521048
783927600873
783927604000
783927559720
783927559737
783927559744
783927559751
783927604017
783927559768
783927559775
783927331821
783927334280
783927389846
783927523240
783927427678
783927523226
783927393294
783927525060
783927393300
783927523219
783927389839
783927523202
783927556378
783927551144
783927538619
783927538626
783927602914
783927602938
783927602921
783927602945
783927602969
783927517942
783927602952
783927602976
783927602990
783927518222
783927602983
783927602884
783927602907
783927602891
783927572620
783927572644
783927030175
783927030021
783927150651
783927150668
783927099097
783927099110
783927099127
783927099103
783927568708
783927568715
783927568722
783927568692
783927540599
783927460484
783927460491
783927460521
783927460538
783927443289
783927443265
783927443272
783927443210
783927540377
783927540384
783927540391
783927540407
783927490009
783927490016
783927490047
783927490030
783927490023
783927538343
783927538329
783927538299
783927538374
783927538367
783927538350
783927538145
783927538169
783927538152
783927539227
783927539210
783927538183
783927538176
783927538312
783927469524
783927469500
783927474276
783927600170
783927600187
783927600194
783927600149
783927600156
783927600163
783927446617
783927266826
783927446624
783927269926
783927355155
783927389068
783927350891
783927434041
783927446594
783927266819
783927266802
783927430036
783927436465
783927446600
783927269889
783927269902
783927430029
783927436441
783927263184
783927307208
783927308854
783927308847
783927574792
783927574815
783927574808
783927574822
783927574839
783927574846
783927574853
783927574860
783927574877
783927389914
783927468275
783927389136
783927393249
783927198479
783927357852
783927198486
783927198646
783927303866
783927198639
783927198462
783927356329
783927198455
783927421218
783927421201
783927421225
783927200233
783927200196
783927200929
783927200912
783927198523
783927198516
783927200356
783927198011
783927200240
783927200202
783927200585
783927200189
783927421195
783927200219
783927421188
783927198530
783927314565
783927314558
783927200226
783927198547
783927470124
783927470094
783927198448
783927198431
783927334105
783927334112
783927198493
783927303873
783927198509
783927128384
783927128360
783927128322
783927128391
783927128346
783927132657
783927443371
783927443357
783927547352
783927547376
783927551533
783927551519
783927551526
783927510684
783927561327
783927559690
783927559706
783927453233
783927464734
783927464741
783927464758
783927464765
783927561174
783927561181
783927561198
783927529457
783927529464
783927529433
783927529440
783927472852
783927472814
783927472753
783927472838
783927472876
783927472869
783927472845
783927472821
783927472807
783927472784
783927472760
783927472746
783927472791
783927472777
783927472883
783927472739
783927983488
783927923446
783927923644
783927536783
783927467995
783927923484
783927924443
783927924641
783927536790
783927536806
783927468008
783927468015
783927924481
783927924689
783927100205
783927028608
783927100199
783927150941
783927140843
783927569606
783927560139
783927560535
783927560511
783927560504
783927560528
783927586191
783927600019
783927600026
783927600033
783927600040
783927600057
783927575003
783927600002
783927468169
783927468176
783927468183
783927468190
783927468206
783927468213
783927468145
783927468152
783927555265
783927512633
783927492126
783927492119
783927561990
783927561969
783927491631
783927490900
783927561853
783927561891
783927491624
783927491594
783927562423
783927562799
783927491778
783927491761
783927562508
783927563420
783927491730
783927491723
783927563048
783927564199
783927491754
783927491747
783927563178
783927562676
783927491693
783927491686
783927561884
783927562157
783927491709
783927491716
783927561921
783927562089
783927491655
783927491648
783927561907
783927562249
783927491679
783927491662
783927561938
783927562386
783927444835
783927448949
783927444842
783927561778
783927564311
783927561785
783927444859
783927447904
783927444866
783927562287
783927563574
783927563116
783927444873
783927447898
783927444828
783927564540
783927564403
783927564359
783927437769
783927437776
783927564137
783927564243
783927443746
783927443791
783927563543
783927564021
783927443760
783927443777
783927563680
783927564069
783927443784
783927443753
783927563307
783927563741
783927443807
783927443814
783927562904
783927564083
783927446198
783927447881
783927444767
783927563369
783927563925
783927573849
783927573832
783927573856
783927414432
783927412346
783927412322
783927560030
783927556330
783927560047
783927556347
783927560054
783927556354
783927560016
783927556316
783927557160
783927557153
783927437646
783927562898
783927563314
783927437622
783927562270
783927562478
783927437806
783927562607
783927563758
783927438490
783927438506
783927563666
783927563529
783927417983
783927562836
783927563154
783927417358
783927563246
783927563994
783927418034
783927418041
783927562225
783927562324
783927418515
783927563406
783927563277
783927404570
783927540353
783927540360
783927557948
783927521024
783927521321
783927600132
783927600125
783927443593
783927443616
783927443586
783927555401
783927555418
783927555449
783927193788
783927193825
783927193818
783927198318
783927198066
783927193801
783927193795
783927572606
783927603331
783927603348
783927603355
783927603478
783927603485
783927603492
783927568531
783927568517
783927568524
783927545426
783927545433
783927545440
783927571968
783927571975
783927571982
783927571999
783927388252
783927472517
783927572446
783927572484
783927572491
783927542258
783927143752
783927220927
783927325134
783927325059
783927305747
783927466905
783927466912
783927325035
783927305761
783927325028
783927305754
783927325066
783927305730
783927325073
783927305723
783927325080
783927305716
783927333290
783927333283
783927466967
783927466974
783927573177
783927573153
783927573139
783927573160
783927602686
783927538275
783927538282
783927532686
783927532624
783927532648
783927532662
783927532679
783927532693
783927532884
783927532891
783927532907
783927532914
783927532921
783927532938
783927533652
783927533669
783927533683
783927538336
783927533690
783927533720
783927533737
783927533751
783927533706
783927533768
783927407175
783927386449
783927387606
783927388306
783927387576
783927387682
783927387705
783927554909
783927554916
783927554923
783927554930
783927554947
783927554954
783927554961
783927554978
783927532990
783927533003
783927533058
783927554817
783927554824
783927554831
783927533782
783927533799
783927533812
783927533638
783927533829
783927533850
783927533867
783927533881
783927533836
783927533898
783927407151
783927532587
783927407236
783927533317
783927533386
783927533409
783927533966
783927533416
783927533454
783927533461
783927533485
783927533430
783927533492
783927532747
783927532754
783927533522
783927533539
783927533553
783927533508
783927533560
783927533591
783927533607
783927533621
783927533577
783927586955
783927532341
783927532358
783927532365
783927532372
783927532389
783927532396
783927532402
783927532419
783927532785
783927532808
783927532822
783927532839
783927532846
783927532853
783927554862
783927554886
783927545723
783927545730
783927545747
783927545754
783927545822
783927545839
783927545785
783927545792
783927545808
783927545815
783927545884
783927545891
783927545846
783927545853
783927545860
783927545877
783927545907
783927545914
783927545921
783927545938
783927546003
783927546010
783927545969
783927545976
783927545983
783927545990
783927546065
783927546072
783927546027
783927546034
783927546041
783927546058
783927546089
783927546096
783927546119
783927546195
783927546201
783927546157
783927546164
783927546171
783927546188
783927546256
783927546263
783927546218
783927546225
783927546232
783927546249
783927532488
783927532495
783927460651
783927535182
783927535267
783927535274
783927535281
783927535304
783927535359
783927535342
783927535373
783927535380
783927535397
783927535427
783927535434
783927534949
783927534987
783927534994
783927535021
783927535069
783927535106
783927535113
783927535120
783927535144
783927535151
783927535465
783927535472
783927535502
783927535526
783927535540
783927535618
783927460705
783927460712
783927460675
783927460743
783927554121
783927460644
783927429993
783927324984
783927534673
783927534680
783927534598
783927534604
783927534666
783927534659
783927534840
783927534857
783927534697
783927534703
783927534710
783927534727
783927534925
783927534932
783927534888
783927534895
783927534901
783927534918
783927430012
783927430081
783927388610
783927429597
783927388641
783927543224
783927543231
783927542913
783927542890
783927542906
783927586764
783927586757
783927586726
783927586719
783927586740
783927586733
783927571517
783927577281
783927571586
783927571593
783927571548
783927571531
783927586399
783927571524
783927571562
783927571579
783927399647
783927399654
783927399944
783927399777
783927532426
783927532433
783927466073
783927466080
783927534444
783927534451
783927534406
783927534413
783927534420
783927534437
783927534499
783927534505
783927534468
783927534611
783927534475
783927534482
783927534529
783927534574
783927534581
783927534536
783927534543
783927534550
783927534567
783927543170
783927543187
783927542883
783927532464
783927532471
783927532525
783927532532
783927532440
783927532457
783927532501
783927532518
783927199070
783927563109
783927199094
783927407557
783927562102
783927563727
783927199117
783927407540
783927563819
783927564434
783927198905
783927561457
783927198943
783927563352
783927199018
783927562430
783927198998
783927563987
783927199032
783927563840
783927262699
783927262675
783927557443
783927404884
783927404877
783927557450
783927438407
783927438414
783927557429
783927404822
783927404815
783927557436
783927404846
783927404839
783927259644
783927259651
783927556408
783927556415
783927556279
783927556385
783927573078
783927573085
783927573092
783927573108
783927557221
783927557597
783927557603
783927473361
783927473354
783927473347
783927473330
783927460804
783927460811
783927473309
783927473293
783927473323
783927473316
783927473224
783927460545
783927460552
783927459303
783927459297
783927460606
783927460613
783927459327
783927459310
783927460620
783927460637
783927551984
783927551991
783927552028
783927473170
783927473163
783927473149
783927473422
783927473408
783927473392
783927473972
783927473279
783927560498
783927460781
783927460798
783927463393
783927463386
783927463454
783927463447
783927463430
783927463423
783927473781
783927473798
783927473729
783927473736
783927473866
783927473873
783927473880
783927473897
783927543347
783927543354
783927543361
783927241298
783927241274
783927415064
783927433631
783927415071
783927416078
783927433648
783927416061
783927334129
783927556583
783927556576
783927573450
783927573467
783927851848
783927851855
783927851862
783927851879
783927556224
783927556231
783927556248
783927568128
783927029766
783927312714
783927623056
783927029773
783927137515
783927624053
783927097673
783927230551
783927520287
783927528603
783927528665
783927029780
783927625050
783927029797
783927137522
783927626057
783927097697
783927236584
783927520614
783927528627
783927528689
783927029803
783927237635
783927628051
783927520621
783927528641
783927528702
783927100892
783927099370
783927099394
783927543699
783927543705
783927553926
783927545112
783927414999
783927415002
783927573474
783927573481
783927573498
783927499842
783927573016
783927603621
783927603638
783927572989
783927572996
783927573009
783927603560
783927603584
783927603607
783927603577
783927603614
783927603591
783927511537
783927511544
783927543484
783927600866
783927474269
783927512862
783927421973
783927421966
783927452366
783927452151
783927393317
783927393324
783927452380
783927452373
783927440592
783927452113
783927600248
783927600255
783927600262
783927600279
783927600095
783927600101
783927600118
783927574969
783927574952
783927574976
783927574983
783927574990
783927382663
783927382670
783927382694
783927382687
783927379007
783927466776
783927466783
783927466790
783927022811
783927136556
783927173070
783927165532
783927151719
783927136549
783927161329
783927147880
783927149037
783927147965
783927136488
783927136518
783927136532
783927136525
783927541213
783927541206
783927383066
783927383080
783927383073
783927383059
783927383035
783927383042
783927449250
783927449243
783927449267
783927298476
783927572927
783927601559
783927572934
783927601566
783927572910
783927601542
783927574884
783927574891
783927551236
783927551243
783927551267
783927573504
783927557344
783927557337
783927557351
783927573252
783927573221
783927573238
783927573245
783927555227
783927555203
783927572668
783927572675
783927572651
783927557665
783927557672
783927557771
783927557788
783927557689
783927557795
783927545686
783927541596
783927541589
783927541572
783927541558
783927541565
783927541541
783927541626
783927541633
783927539579
783927540117
783927545129
783927545303
783927543736
783927603263
783927315173
783927315227
783927315197
783927365062
783927345064
783927160919
783927104999
783927513142
783927513029
783927551809
783927554114
783927513159
783927513166
783927467438
783927467445
783927543378
783927543385
783927543392
783927543408
783927543446
783927543453
783927559829
783927326926
783927326902
783927419093
783927329934
783927543682
783927561556
783927559843
783927559850
783927563086
783927562959
783927388580
783927381697
783927562577
783927562584
783927388573
783927381680
783927562775
783927563017
783927403641
783927403634
783927564496
783927562096
783927394482
783927564106
783927563949
783927394475
783927381666
783927562881
783927562980
783927394451
783927381840
783927563710
783927562164
783927381826
783927562263
783927562522
783927562560
783927562782
783927562720
783927562317
783927555395
783927602860
783927555272
783927602877
783927513036
783927513043
783927513067
783927513050
783927538527
783927602815
783927538534
783927602822
783927538541
783927602839
783927556361
783927566070
783927574327
783927566087
783927566094
783927574334
783927566223
783927566056
783927574310
783927566063
783927566032
783927574303
783927566049
783927226547
783927226561
783927226592
783927237031
783927521406
783927521413
783927400213
783927014434
783927434485
783927395182
783927395199
783927395304
783927014342
783927014373
783927014403
783927434515
783927395205
783927041935
783927556545
783927556569
783927540094
783927540100
783927540575
783927540582
783927540940
783927540087
783927540605
783927540629
783927540612
783927518246
783927518055
783927518253
783927518239
783927568425
783927568449
783927568432
783927568456
783927568463
783927568470
783927098618
783927098625
783927395274
783927395236
783927350556
783927350532
783927350518
783927350464
783927350440
783927350457
783927350471
783927350495
783927350488
783927350501
783927350907
783927518796
783927518789
783927518499
783927518505
783927518819
783927518802
783927518482
783927518475
783927518727
783927518758
783927518741
783927519809
783927512893
783927530774
783927512558
783927603706
783927602358
783927603713
783927602365
783927603720
783927602372
783927412704
783927412681
783927412698
783927573399
783927603362
783927573412
783927603386
783927574624
783927603379
783927127752
783927127707
783927183239
783927183222
783927262040
783927262026
783927165969
783927165716
783927165549
783927961158
783927024006
783927024051
783927127387
783927160575
783927453097
783927394512
783927453059
783927553919
783927453103
783927394529
783927453066
783927605229
783927605281
783927545297
783927545280
783927356336
783927347761
783927348126
783927347709
783927347723
783927348027
783927558075
783927558068
783927558037
783927558044
783927558051
783927443241
783927443227
783927442817
783927540957
783927540773
783927540797
783927333795
783927143738
783927260596
783927104982
783927286640
783927104975
783927248747
783927140027
783927098113
783927211369
783927104920
783927127844
783927247245
783927286619
783927286657
783927560191
783927560184
783927399395
783927602563
783927602587
783927602570
783927602594
783927602617
783927468374
783927602624
783927468381
783927323826
783927323833
783927357425
783927357418
783927555166
783927555197
783927555180
783927555173
783927574259
783927574266
783927560597
783927560627
783927572958
783927572972
783927567268
783927567275
783927574235
783927574242
783927560603
783927560610
783927572941
783927572965
783927567244
783927567251
783927573962
783927573979
783927573986
783927573887
783927573894
783927573924
783927573931
783927573900
783927573917
783927573955
783927573948
783927850049
783927850056
783927529082
783927468220
783927529099
783927452540
783927529075
783927529068
783927452526
783927543767
783927543842
783927543903
783927543897
783927557559
783927557573
783927557580
783927557566
783927932059
783927001267
783927932257
783927294379
783927123501
783927123518
783927123525
783927403733
783927224697
783927524278
783927522564
783927524292
783927524285
783927560146
783927554275
783927491495
783927545501
783927545518
783927554299
783927554282
783927491464
783927491471
783927850087
783927850094
783927545532
783927545525
783927294386
783927128445
783927076760
783927027175
783927027182
783927145305
783927027199
783927572545
783927603324
783927572552
783927603317
783927521253
783927521260
783927446532
783927446518
783927446525
783927551540
783927568135
783927568142
783927544900
783927521376
783927521383
783927521390
783927559942
783927559959
783927559966
783927551687
783927551748
783927301091
783927301084
783927301114
783927301077
783927542081
783927542098
783927541893
783927541909
783927512299
783927512343
783927512312
783927512336
783927539838
783927545662
783927539890
783927539913
783927539876
783927539906
783927539883
783927518468
783927518451
783927532327
783927529563
783927529549
783927529556
783927539852
783927539869
783927421959
783927421942
783927421928
783927421911
783927421935
783927466547
783927512527
783927512534
783927601627
783927572866
783927601634
783927601238
783927601641
783927572880
783927601610
783927572859
783927398602
783927403672
783927428736
783927403689
783927398633
783927403702
783927469883
783927469876
783927463553
783927463515
783927463546
783927463508
783927565998
783927566025
783927454896
783927551151
783927511957
783927511940
783927511964
783927511933
783927446556
783927603232
783927603225
783927603195
783927603218
783927603188
783927603201
783927558877
783927558884
783927226929
783927226721
783927226936
783927226714
783927226691
783927226325
783927226752
783927226295
783927225243
783927226899
783927226769
783927226738
783927226301
783927225250
783927226745
783927226868
783927557405
783927557412
783927557368
783927600200
783927543590
783927121347
783927132930
783927468268
783927012898
783927012959
783927029568
783927468244
783927029544
783927029551
783927020848
783927012966
783927140164
783927468251
783927140201
783927140157
783927012997
783927247252
783927143790
783927248020
783927436038
783927430708
783927430685
783927430722
783927430692
783927436052
783927430715
783927430678
783927128469
783927128483
783927260718
783927298315
783927542043
783927541763
783927542050
783927541787
783927451628
783927573580
783927574716
783927443920
783927448819
783927443937
783927444491
783927448802
783927444507
783927443944
783927448796
783927444750
783927443821
783927443951
783927443838
783927443845
783927444514
783927444521
783927444538
783927444545
783927443852
783927443869
783927540278
783927540292
783927540254
783927540285
783927540308
783927540261
783927448758
783927443913
783927473712
783927474320
783927473705
783927474306
783927458894
783927458948
783927458856
783927433389
783927433358
783927433372
783927056328
783927152112
783927152051
783927152129
783927152068
783927042680
783927042710
783927211413
783927150057
783927042697
783927042727
783927150064
783927042789
783927042796
783927574082
783927574099
783927574105
783927574006
783927573993
783927574020
783927574013
783927574044
783927574037
783927574068
783927574051
783927574075
783927542531
783927542555
783927478359
783927284806
783927520546
783927520522
783927520539
783927601443
783927520577
783927520553
783927520560
783927601450
783927520607
783927520584
783927520591
783927601467
783927601474
783927434140
783927434157
783927471794
783927391894
783927391924
783927391917
783927391900
783927469869
783927463492
783927551427
783927551397
783927551403
783927551410
783927559911
783927559928
783927559935
783927526784
783927526753
783927526760
783927526777
783927465762
783927465755
783927123495
783927278485
783927123488
783927123549
783927142656
783927471169
783927471138
783927471206
783927471565
783927471190
783927471572
783927471145
783927471176
783927471183
783927471152
783927600798
783927600804
783927471251
783927471244
783927471220
783927471237
783927600811
783927556262
783927557658
783927150729
783927026772
783927352741
783927352598
783927352666
783927352734
783927352703
783927352628
783927441681
783927441766
783927441827
783927441780
783927441933
783927441773
783927441858
783927441698
783927441735
783927576789
783927383783
783927139830
783927094023
783927094030
783927098915
783927536226
783927536219
783927536172
783927536202
783927536189
783927559867
783927559874
783927559881
783927600361
783927600378
783927600385
783927600392
783927572798
783927572774
783927572781
783927572828
783927572804
783927572811
783927511735
783927511759
783927511810
783927511742
783927511766
783927511827
783927466059
783927466066
783927482097
783927482080
783927568586
783927568579
783927568555
783927568562
783927556293
783927556286
783927556309
783927556217
783927387378
783927387361
783927387347
783927387453
783927387446
783927387484
783927387491
783927387477
783927387460
783927387422
783927474788
783927474771
783927472548
783927472524
783927472555
783927472531
783927474764
783927474757
783927387408
783927521901
783927521895
783927522212
783927522205
783927521888
783927562331
783927563789
783927369459
783927563970
783927562867
783927563338
783927564427
783927369251
783927562454
783927562997
783927573542
783927574662
783927573511
783927574648
783927573528
783927574631
783927573535
783927574655
783927540131
783927540162
783927540193
783927540209
783927539968
783927540001
783927540025
783927540032
783927540049
783927540056
783927540063
783927540124
783927575515
783927575522
783927575508
783927575492
783927575539
783927575553
783927576116
783927576123
783927576130
783927576147
783927576154
783927576161
783927576178
783927576185
783927576192
783927576208
783927575867
783927575874
783927575881
783927575904
783927575928
783927575935
783927575942
783927575966
783927575980
783927575997
783927576000
783927575713
783927575751
783927576024
783927576031
783927576048
783927576055
783927576062
783927576079
783927576086
783927576109
783927518703
783927518697
783927518406
783927472982
783927471558
783927472432
783927559195
783927559096
783927559102
783927559201
783927558631
783927559157
783927559164
783927558105
783927558259
783927558266
783927558280
783927558297
783927558303
783927558082
783927558099
783927559645
783927558990
783927559003
783927559133
783927559225
783927559119
783927559126
783927559089
783927559010
783927559140
783927559232
783927559171
783927559256
783927559188
783927559249
783927559522
783927559508
783927559577
783927558518
783927558495
783927558488
783927558358
783927558433
783927558365
783927558426
783927558464
783927558501
783927558419
783927558600
783927558549
783927558662
783927558594
783927558532
783927558556
783927558563
783927558648
783927558525
783927558471
783927558587
783927558617
783927558921
783927558686
783927559423
783927559362
783927557177
783927559300
783927559331
783927559393
783927559270
783927559430
783927559379
783927557245
783927559317
783927559348
783927559409
783927559287
783927559461
783927559386
783927559263
783927559324
783927559355
783927559416
783927559294
783927559614
783927559621
783927559638
783927559478
783927559539
783927559485
783927559492
783927559546
783927559591
783927559584
783927559553
783927559560
783927555128
783927555135
783927555142
783927193672
783927450904
783927450911
783927450928
783927471367
783927471350
783927471374
783927471381
783927600309
783927600286
783927600293
783927600316
783927551717
783927551724
783927567961
783927567978
783927567985
783927567992
783927568005
783927568012
783927567947
783927567954
783927602662
783927602679
783927567855
783927567879
783927567862
783927567886
783927559447
783927570404
783927558891
783927573627
783927452601
783927452588
783927452571
783927452564
783927521277
783927521284
783927521291
783927440684
783927440677
783927440646
783927440653
783927440660
783927566155
783927566148
783927566117
783927566100
783927566124
783927566131
783927560108
783927576857
783927492010
783927561792
783927560115
783927576864
783927492003
783927561808
783927560092
783927576840
783927560078
783927576826
783927576833
783927560085
783927492027
783927492041
783927492034
783927561976
783927561983
783927563550
783927120296
783927398305
783927307413
783927394963
783927356596
783927394970
783927120241
783927398480
783927120258
783927307406
783927398336
783927395267
783927120081
783927398268
783927120098
783927398275
783927120104
783927398282
783927120111
783927307437
783927398121
783927395243
783927114172
783927114189
783927114196
783927114202
783927165846
783927165907
783927114134
783927114158
783927165792
783927165884
783927114141
783927114165
783927307192
783927308403
783927572835
783927572842
783927540896
783927307116
783927307123
783927316781
783927307147
783927307178
783927307161
783927307154
783927573672
783927573689
783927573696
783927573702
783927573719
783927573726
783927543613
783927377942
783927370158
783927410106
783927410083
783927377966
783927410076
783927603058
783927492287
783927603041
783927603089
783927492300
783927603072
783927492294
783927603027
783927603010
783927551663
783927574198
783927574228
783927574204
783927574211
783927331951
783927440370
783927331982
783927440387
783927331913
783927440394
783927470650
783927470667
783927440363
783927601306
783927601313
783927539937
783927601283
783927601290
783927539944
783927601269
783927601276
783927539951
783927540711
783927551649
783927551625
783927551632
783927028615
783927030298
783927570565
783927568289
783927570572
783927568302
783927570589
783927568326
783927602310
783927570510
783927602327
783927568166
783927602334
783927570527
783927602341
783927568180
783927570534
783927568203
783927570541
783927570398
783927570558
783927568227
783927541794
783927541916
783927541800
783927541923
783927541824
783927541947
783927511803
783927520980
783927600828
783927520997
783927572576
783927601214
783927572569
783927601221
783927572590
783927601191
783927572583
783927601207
783927480246
783927572699
783927601580
783927572705
783927601597
783927572712
783927601603
783927572682
783927601573
783927601412
783927600064
783927601429
783927600071
783927601436
783927600088
783927601351
783927574914
783927601344
783927574907
783927601375
783927574938
783927601368
783927574921
783927601382
783927574945
783927565905
783927565912
783927574280
783927565882
783927565899
783927574273
783927565929
783927565936
783927574297
783927572019
783927572002
783927572026
783927572033
783927493215
783927493048
783927493024
783927493079
783927458474
783927458467
783927458450
783927458443
783927536998
783927129480
783927069458
783927536158
783927545341
783927545396
783927545631
783927545310
783927529198
783927519496
783927519854
783927519830
783927519823
783927531696
783927519816
783927519847
783927517829
783927517843
783927465601
783927458580
783927603294
783927465618
783927458610
783927603300
783927603270
783927603287
783927463317
783927463287
783927574549
783927539364
783927539371
783927574556
783927539388
783927539395
783927574563
783927539401
783927539418
783927574525
783927568869
783927565745
783927574488
783927537353
783927537360
783927574532
783927565851
783927565738
783927574495
783927539289
783927539296
783927574471
783927539265
783927539272
783927574501
783927539326
783927539333
783927574518
783927539302
783927539319
783927574570
783927539340
783927539357
783927468022
783927446884
783927412780
783927446891
783927412773
783927446846
783927412827
783927446853
783927412810
783927446860
783927412803
783927513111
783927193627
783927193832
783927193849
783927356527
783927356541
783927314527
783927314510
783927526722
783927518840
783927518833
783927518826
783927518390
783927545167
783927545228
783927545235
783927545242
783927545150
783927574761
783927601320
783927601337
783927574778
783927574723
783927574747
783927574785
783927574730
783927574754
783927185424
783927185431
783927185493
783927559676
783927559683
783927550352
783927550345
783927550208
783927550291
783927550284
783927550222
783927550260
783927550239
783927550093
783927554404
783927554411
783927554428
783927398749
783927398725
783927588089
783927800853
783927802956
783927801850
783927801270
783927801287
783927801973
783927801300
783927806565
783927806572
783927806428
783927801645
783927801874
783927806589
783927800860
783927806435
783927801942
783927800846
783927801911
783927801379
783927801355
783927801416
783927801393
783927801867
783927801881
783927801904
783927801928
783927604024
783927603980
783927587877
783927587969
783927587907
783927587990
783927587938
783927588027
783927587761
783927587792
783927587754
783927587785
783927587693
783927587723
783927587709
783927587730
783927587716
783927587747
783927601399
783927601405
783927801614
783927801591
783927801607
783927801621
783927801638
783927801386
783927801362
783927801423
783927801409
783927801652
783927603997
783927603966
783927604031
783927603973
783927000345
783927587853
783927587945
783927587884
783927587976
783927587914
783927588003
783927587860
783927587952
783927587891
783927587983
783927587921
783927588010
783927801331
783927801317
783927801348
783927801324
783927804899
783927804868
783927804363
783927804370
783927804776
783927804790
783927803151
783927803199
783927803168
783927803205
783927804400
783927804448
783927804417
783927804455
783927804486
783927804493
783927804561
783927804578
783927803236
783927803274
783927803243
783927803281
783927804523
783927804530
783927805100
783927805131
783927804691
783927804714
783927604048
783927143097
783927143103
783927143110
783927143127
783927000673
783927808255
783927808262
783927808279
783927808286
783927808293
783927808309
783927000864
783927000871
783927000116
783927000109
783927000017
783927000024
783927000031
783927000932
783927000949
783927000963
783927001014
783927000918
783927000925
783927001021
783927001083
783927000888
783927000895
783927000901
783927001120
783927602853
783927602846
783927801461
783927801430
783927801447
783927801454
783927573733
783927573740
783927573788
783927573795
783927807227
783927807234
783927801669
783927801508
783927801515
783927801690
783927801706
783927801737
783927801744
783927801676
783927801683
783927801751
783927801768
783927801713
783927801720
783927801966
783927802413
783927801119
783927802420
783927001984
783927001960
783927001977
783927001991
783927001847
783927001830
783927001854
783927001861
783927001885
783927001878
783927001892
783927002691
783927002707
783927002714
783927002783
783927002790
783927002806
783927002813
783927002844
783927002974
783927003001
783927003025
783927003117
783927002516
783927002592
783927002509
783927002561
783927002523
783927002615
783927001656
783927001663
783927001632
783927001649
783927001731
783927001670
783927002677
783927001748
783927001694
783927002684
783927001755
783927001700
783927001724
783927001762
783927001786
783927001816
783927001823
783927800914
783927800921
783927800938
783927800945
783927801133
783927801157
783927801171
783927801539
783927801546
783927801553
783927801560
783927808590
783927808637
783927808606
783927808644
783927808613
783927808651
783927808620
783927808668
783927001519
783927001304
783927001342
783927001335
783927001298
783927001281
783927001366
783927001397
783927001359
783927001410
783927001526
783927001403
783927001434
783927001540
783927001496
783927001564
783927001427
783927001533
783927001588
783927001618
783927001595
783927001625
783927001571
783927001601
783927001137
783927001144
783927001182
783927001236
783927001113
783927801003
783927800990
783927801027
783927801010
783927801041
783927801034
783927801089
783927801072
783927801065
783927801058
783927801195
783927801201
783927801218
783927801225
783927801232
783927801249
783927801256
783927801263
783927602150
783927602143
783927602167
783927602174
783927002264
783927002189
783927002257
783927002165
783927002271
783927002219
783927002288
783927002226
783927002127
783927002073
783927002134
783927002158
783927002387
783927002370
783927002400
783927002011
783927002004
783927002028
783927003230
783927003247
783927003254
783927003261
783927003278
783927003285
783927003292
783927003155
783927003193
783927003209
783927003216
783927000352
783927000369
783927000376
783927000383
783927000390
783927000406
783927000413
783927000420
783927000437
783927000444
783927000451
783927000468
783927006767
783927009638
783927006712
783927009614
783927006804
783927006835
783927006828
783927006811
783927006538
783927006569
783927006552
783927009379
783927010399
783927010436
783927010474
783927010405
783927006668
783927006699
783927006682
783927006675
783927006620
783927006651
783927006644
783927006637